00000010010001001000110011111010
11111010010011100110100110010010
11111010100111001011110010100101
11110010101001101001100100111100
11111011001101100110000000111110
11110011010000000011110011010101
11110011100011101000111111101001
11101011100110000110110010000000
00001000011100111010110100010100
00000000011111011000100110101011
00000000110010111101110010111111
11111000110101011011100101010111
00000001011001011000000001011000
11111001011011110101110011110000
11111001101111011011000000000011
11110001110001111000110010011010
00000111010101111100100111000011
11111111011000011010011001011011
11111111101011111111100101101110
11110111101110011101011000000101
00000000010010011001110100000111
11111000010100110111100110011111
11111000101000011100110010110010
11110000101010111010100101001001
00001101100001101110100111011110
00000101100100001100011001110101
00000101110111110001100110001000
11111101111010001111011000100000
00000110011110001011110100100001
11111110100000101001100110111001
11111110110100001110110011001101
11110110110110101100100101100100
00000110000010011111100010100001
11111110000100111101010100111001
11111110011000100010100001001100
11110110011011000000010011100011
11111110111110111100101111100101
11110111000001011010100001111100
11110111010100111111101110010000
11101111010111011101100000100111
00001100001110010001100010111011
00000100010000101111010101010010
00000100100100010100100001100110
11111100100110110010010011111110
00000101001010101110101111111111
11111101001101001100100010010111
11111101100000110001101110101010
11110101100011001111100001000001
00001011000111010011010101101010
00000011001001110001001000000001
00000011011101010110010100010100
11111011011111110100000110101100
00000100000011110000100010101110
11111100000110001110010101000110
11111100011001110011100001011001
11110100011100010001010011110000
00010001010011000101010110000101
00001001010101100011001000011100
00001001101001001000010100101111
00000001101011100110000111000110
00001010001111100010100011001000
00000010010010000000010101011111
00000010100101100101100001110011
11111010101000000011010100001011
00000100100101110000110110111111
11111100101000001110101001011000
11111100111011110011110101101011
11110100111110010001101000000010
11111101100010001110000100000100
11110101100100101011110110011011
11110101111000010001000010101110
11101101111010101110110101000101
00001010110001100010110111011010
00000010110100000000101001110001
00000011000111100101110110000101
11111011001010000011101000011101
00000011101110000000000100011110
11111011110000011101110110110110
11111100000100000011000011001001
11110100000110100000110101100000
00001001101010100100101010001001
00000001101101000010011100100000
00000010000000100111101000110011
11111010000011000101011011001011
00000010100111000001110111001100
11111010101001011111101001100100
11111010111101000100110101111000
11110010111111100010101000001111
00001111110110010110101010100100
00000111111000110100011100111011
00001000001100011001101001001110
00000000001110110111011011100101
00001000110010110011110111100111
00000000110101010001101001111110
00000001001000110110110110010001
11111001001011010100101000101001
00001000010111000111100101100110
00000000011001100101010111111110
00000000101101001010100100010001
11111000101111101000010110101001
00000001010011100100110010101010
11111001010110000010100101000010
11111001101001100111110001010101
11110001101100000101100011101100
00001110100010111001100110000001
00000110100101010111011000011000
00000110111000111100100100101100
11111110111011011010010111000100
00000111011111010110110011000101
11111111100001110100100101011101
11111111110101011001110001110000
11110111110111110111100100000111
00001101011011111011011000110000
00000101011110011001001011000111
00000101110001111110010111011010
11111101110100011100001001110010
00000110011000011000100101110011
11111110011010110110011000001011
11111110101110011011100100011111
11110110110000111001010110110110
00010011100111101101011001001011
00001011101010001011001011100010
00001011111101110000010111110101
00000100000000001110001010001100
00001100100100001010100110001110
00000100100110101000011000100101
00000100111010001101100100111000
11111100111100101011010111010000
