11111101011010011010011110001101
00000101010111111100101011110101
11110101110000011101011100111000
11111101101101111111101010100001
11110110010110110111101011010001
11111110010100011001111000111010
11101110101100111010101001111011
11110110101010011100110111100100
00000011100110001100011110100111
00001011100011101110101100010000
11111011111100001111011101010010
00000011111001110001101010111010
11111100100010101001101011101100
00000100100000001011111001010100
11110100111000101100101010010110
11111100110110001110110111111111
00000010011111001110010001010110
00001010011100110000011110111111
11111010110101010001010000000001
00000010110010110011011101101001
11111011011011101011011110011010
00000011011001001101101100000010
11110011110001101110011101000101
11111011101111010000101010101110
00001000101011000000010001110000
00010000101000100010011111011001
00000001000001000011010000011011
00001000111110100101011110000100
00000001100111011101011110110100
00001001100100111111101100011101
11111001111101100000011101011111
00000001111011000010101011000111
00000001001011110001001100110011
00001001001001010011011010011100
11111001100001110100001011011111
00000001011111010110011001000111
11111010001000001110011001111000
00000010000101110000100111100000
11110010011110010001011000100010
11111010011011110011100110001011
00000111010111100011001101001110
00001111010101000101011010110111
11111111101101100110001011111001
00000111101011001000011001100001
00000000010100000000011010010010
00001000010001100010100111111011
11111000101010000011011000111101
00000000100111100101100110100101
00000110010000100100111111111101
00001110001110000111001101100110
11111110100110100111111110101000
00000110100100001010001100010000
11111111001101000010001101000001
00000111001010100100011010101001
11110111100011000101001011101100
11111111100000100111011001010101
00001100011100010111000000010111
00010100011001111001001110000000
00000100110010011001111111000010
00001100101111111100001100101011
00000101011000110100001101011011
00001101010110010110011011000100
11111101101110110111001100000110
00000101101100011001011001101110
11111011000101110010011011001000
00000011000011010100101000110000
11110011011011110101011001110010
11111011011001010111100111011011
11110100000010001111101000001011
11111011111111110001110101110100
11101100011000010010100110110101
11110100010101110100110100011110
00000001010001100100011011100001
00001001001111000110101001001010
11111001100111100111011010001101
00000001100101001001100111110101
11111010001110000001101000100110
00000010001011100011110110001110
11110010100100000100100111010000
11111010100001100110110100111001
00000000001010100110001110010000
00001000001000001000011011111001
11111000100000101001001100111011
00000000011110001011011010100011
11111001000111000011011011010100
00000001000100100101101000111100
11110001011101000110011001111111
11111001011010101000100111101000
00000110010110011000001110101011
00001110010011111010011100010100
11111110101100011011001101010110
00000110101001111101011010111110
11111111010010110101011011101111
00000111010000010111101001010111
11110111101000111000011010011010
11111111100110011010101000000010
11111110110111001001001001101111
00000110110100101011010111010111
11110111001101001100001000011001
11111111001010101110010110000010
11110111110011100110010110110010
11111111110001001000100100011011
11110000001001101001010101011100
11111000000111001011100011000101
00000101000010111011001010001000
00001101000000011101010111110001
11111101011000111110001000110100
00000101010110100000010110011100
11111101111111011000010111001101
00000101111100111010100100110101
11110110010101011011010101110111
11111110010010111101100011100000
00000011111011111100111100110111
00001011111001011111001010100000
11111100010001111111111011100010
00000100001111100010001001001010
11111100111000011010001001111011
00000100110101111100010111100011
11110101001110011101001000100110
11111101001011111111010110001111
00001010000111101110111101010010
00010010000101010001001010111011
00000010011101110001111011111100
00001010011011010100001001100101
00000011000100001100001010010101
00001011000001101110010111111110
11111011011010001111001001000001
00000011010111110001010110101000
